0 0 0 0 0 0 0 0 0 0 0 0 0 0 0 0 0 0 0 0 1 
0 0 0 0 0 0 0 0 0 0 0 0 0 0 0 0 0 0 0 0.05 1 
0 0 0 0 0 0 0 0 0 0 0 0 0 0 0 0 0 0 0.00526316 0.1 1 
0 0 0 0 0 0 0 0 0 0 0 0 0 0 0 0 0 0.000877193 0.0157895 0.15 1 
0 0 0 0 0 0 0 0 0 0 0 0 0 0 0 0 0.000206398 0.00350877 0.0315789 0.2 1 
0 0 0 0 0 0 0 0 0 0 0 0 0 0 0 6.44995e-005 0.00103199 0.00877193 0.0526316 0.25 1 
0 0 0 0 0 0 0 0 0 0 0 0 0 0 2.57998e-005 0.000386997 0.00309598 0.0175439 0.0789474 0.3 1 
0 0 0 0 0 0 0 0 0 0 0 0 0 1.28999e-005 0.000180599 0.00135449 0.00722394 0.0307018 0.110526 0.35 1 
0 0 0 0 0 0 0 0 0 0 0 0 7.9384e-006 0.000103199 0.000722394 0.00361197 0.0144479 0.0491228 0.147368 0.4 1 
0 0 0 0 0 0 0 0 0 0 0 5.9538e-006 7.14456e-005 0.000464396 0.00216718 0.00812693 0.0260062 0.0736842 0.189474 0.45 1 
0 0 0 0 0 0 0 0 0 0 5.41254e-006 5.9538e-005 0.000357228 0.00154799 0.00541796 0.0162539 0.0433437 0.105263 0.236842 0.5 1 
0 0 0 0 0 0 0 0 0 5.9538e-006 5.9538e-005 0.000327459 0.00130984 0.00425697 0.0119195 0.0297988 0.0681115 0.144737 0.289474 0.55 1 
0 0 0 0 0 0 0 0 7.9384e-006 7.14456e-005 0.000357228 0.00130984 0.00392951 0.0102167 0.023839 0.0510836 0.102167 0.192982 0.347368 0.6 1 
0 0 0 0 0 0 0 1.28999e-005 0.000103199 0.000464396 0.00154799 0.00425697 0.0102167 0.0221362 0.0442724 0.0830108 0.147575 0.250877 0.410526 0.65 1 
0 0 0 0 0 0 2.57998e-005 0.000180599 0.000722394 0.00216718 0.00541796 0.0119195 0.023839 0.0442724 0.0774768 0.129128 0.206605 0.319298 0.478947 0.7 1 
0 0 0 0 0 6.44995e-005 0.000386997 0.00135449 0.00361197 0.00812693 0.0162539 0.0297988 0.0510836 0.0830108 0.129128 0.193692 0.281734 0.399123 0.552632 0.75 1 
0 0 0 0 0.000206398 0.00103199 0.00309598 0.00722394 0.0144479 0.0260062 0.0433437 0.0681115 0.102167 0.147575 0.206605 0.281734 0.375645 0.491228 0.631579 0.8 1 
0 0 0 0.000877193 0.00350877 0.00877193 0.0175439 0.0307018 0.0491228 0.0736842 0.105263 0.144737 0.192982 0.250877 0.319298 0.399123 0.491228 0.596491 0.715789 0.85 1 
0 0 0.00526316 0.0157895 0.0315789 0.0526316 0.0789474 0.110526 0.147368 0.189474 0.236842 0.289474 0.347368 0.410526 0.478947 0.552632 0.631579 0.715789 0.805263 0.9 1 
0 0.05 0.1 0.15 0.2 0.25 0.3 0.35 0.4 0.45 0.5 0.55 0.6 0.65 0.7 0.75 0.8 0.85 0.9 0.95 1 
1 1 1 1 1 1 1 1 1 1 1 1 1 1 1 1 1 1 1 1 1 
